high(0);last(1);created_at(2);book(3);volumne(4);vwa(5);low(6);ask(7);bid(8);ask_avg_price(9);ask_avg_amount(10);bid_avg_price(11);bid_avg_amount(12);avg_trade_sell_amount(13);avg_trade_buy_amount(14);sentiment_Twitter(15);interest_trends(16);time_stamp(17)
2563.00;2563.00;2019-03-15T12:20:56+00:00;eth_mxn;392.77936510;2529.87349678;2537.01;2566.23;2541.18;2622.892;16.877825705;2689.01;0.08702857;0.7109843542;0.5515799358;-1.0;47.5;1552652520.21834
2563.00;2563.00;2019-03-15T12:22:29+00:00;eth_mxn;392.77936510;2529.87349678;2537.01;2567.39;2541.29;2625.1162;15.9391242602;2690.0;1.4435557;0.7109843542;0.5515799358;1.0;48.1355932203;1552652637.6790533
2563.00;2563.00;2019-03-15T12:24:27+00:00;eth_mxn;367.03028817;2531.04415091;2537.01;2567.00;2541.87;2620.2034;16.6921475736;2681.7;0.016;0.7109843542;0.5515799358;1.0;49.1440677966;1552652745.8794422
2618.90;2605.00;2019-03-15T21:21:23+00:00;eth_mxn;366.43364017;2565.69521966;2537.01;2605.00;2595.00;2661.5374;14.6492248878;2712.19;0.0307577;0.484923866111;0.738139395652;1.0;42.0423728814;1552685001.1365883
2618.90;2575.03;2019-03-15T23:22:59+00:00;eth_mxn;440.08020940;2571.68704678;2537.01;2599.99;2575.94;2663.3828;15.003475835;2718.17;0.02719517;1.72186233087;0.707101653519;-4.0;39.1610169492;1552692351.4362907
2650.00;2623.18;2019-03-16T03:35:18+00:00;eth_mxn;562.45989889;2582.56005843;2537.01;2647.00;2635.00;2689.1436;14.7492916756;2740.26;16.8;0.918651470781;0.677321018611;0.0;36.6896551724;1552707524.4473777
2709.98;2642.49;2019-03-16T12:20:54+00:00;eth_mxn;910.74864019;2620.85746616;2642.39;2708.83;2645.07;2775.3334;18.6109681462;2884.0;0.18425926;0.97313644898;2.62364227039;2.0;10.9830508475;1552739003.1521418
2709.98;2660.00;2019-03-16T12:23:53+00:00;eth_mxn;910.80071627;2620.85894373;2642.39;2706.68;2661.78;2775.268;17.5210214896;2884.0;0.18425926;0.974022931224;2.62364227039;5.0;11.0254237288;1552739208.0973096
2709.98;2660.00;2019-03-16T13:29:38+00:00;eth_mxn;910.67286481;2621.14622180;2641.51;2666.60;2647.19;2754.145;17.5621296912;2850.0;66.82611149;0.652322885714;1.98969345118;3.0;42.6949152542;1552743048.329178
2650.00;2626.73;2019-03-17T12:20:51+00:00;eth_mxn;312.11138982;2644.51634833;2619.73;2649.98;2625.57;2745.991;16.8901403962;2840.49;0.02801102;1.36746886176;0.474678086939;-1.0;5.35593220339;1552825387.0275474
2650.00;2626.73;2019-03-17T12:23:36+00:00;eth_mxn;312.05931374;2644.51598393;2619.73;2649.98;2627.99;2745.973;9.3161403962;2840.49;0.02801102;1.36746886176;0.474678086939;3.0;5.28813559322;1552825516.1380212
2688.33;2628.10;2019-03-17T20:35:17+00:00;eth_mxn;239.92901001;2640.99948640;2619.73;2650.00;2632.18;2740.993;16.9712892476;2830.05;1.855156;0.740083035833;0.457970342344;2.0;51.4655172414;1552855094.9639895
2675.56;2600.53;2019-03-18T12:20:51+00:00;eth_mxn;203.63667163;2651.11369571;2600.02;2635.09;2601.36;2741.4702;16.3002507474;2830.05;1.855156;0.366587335455;0.409871851791;1.0;39.3898305085;1552911752.6552522
2675.56;2600.53;2019-03-18T12:23:02+00:00;eth_mxn;203.63667163;2651.11369571;2600.02;2640.74;2603.59;2734.2178;15.9503878244;2820.0;0.01757509;0.366587335455;0.409871851791;2.0;39.4137931034;1552911903.167948
2675.56;2605.10;2019-03-18T12:25:33+00:00;eth_mxn;204.64932497;2650.79737640;2600.02;2638.81;2606.32;2749.8064;15.9006678054;2845.0;10.81503288;0.396698494667;0.406772391571;2.0;40.1525423729;1552912038.4997818
2675.56;2592.00;2019-03-19T00:27:40+00:00;eth_mxn;314.13349641;2607.28496011;2585.20;2627.02;2592.11;2699.1682;17.4290557678;2766.75;0.0121269;0.271874917333;1.51393790543;0.0;44.3389830508;1552955410.5157614
2627.40;2590.00;2019-03-19T12:20:58+00:00;eth_mxn;275.33238997;2592.51162027;2590.00;2620.67;2590.06;2694.9102;17.2346028612;2760.6;0.38507752;0.843646789677;0.293032415507;1.0;31.2118644068;1552998172.9096694
2627.40;2590.00;2019-03-19T12:23:22+00:00;eth_mxn;275.33238997;2592.51162027;2590.00;2622.77;2590.03;2695.187;17.4150223412;2760.6;0.38507752;0.843646789677;0.293032415507;0.0;31.4913793103;1552998313.2506382
2629.55;2618.10;2019-03-20T05:29:23+00:00;eth_mxn;376.51015130;2594.89329127;2580.00;2617.07;2592.34;2686.8024;16.0194902994;2755.0;0.5;0.63740432475;0.448778447833;-1.0;43.724137931;1553059963.2570808
2608.89;2606.00;2019-03-20T12:20:55+00:00;eth_mxn;386.38526116;2594.16864448;2583.00;2614.98;2591.14;2685.6768;15.7029289772;2752.0;0.0037;0.566963340909;0.450427451194;-1.0;49.9491525424;1553084618.4289727
2608.89;2588.95;2019-03-20T12:24:08+00:00;eth_mxn;386.41526116;2594.16693284;2583.00;2614.84;2588.95;2688.3768;15.6301061372;2755.0;0.5;0.566784054375;0.444244694559;0.0;46.0344827586;1553084720.8138266
2614.81;2586.00;2019-03-20T18:34:13+00:00;eth_mxn;370.78273055;2595.82862887;2583.00;2594.21;2586.00;2675.2578;15.3235811054;2750.56;0.78576213;0.465543089167;0.602386956094;0.0;45.1810344828;1553106969.8786416
2595.00;2595.00;2019-03-21T11:24:04+00:00;eth_mxn;242.54684584;2582.22565416;2589.10;2595.00;2592.10;2691.9238;15.1074813128;2760.6;0.38507752;0.560040862857;0.672523085345;2.0;22.9137931034;1553167672.186265
2605.00;2592.10;2019-03-21T12:20:57+00:00;eth_mxn;246.67865829;2582.39894266;2589.10;2608.24;2590.00;2689.013;15.0593431074;2760.0;0.04058812;0.599967421282;0.673240575738;1.0;26.1271186441;1553170938.7516813
2605.00;2592.10;2019-03-21T12:23:19+00:00;eth_mxn;247.01644282;2582.38954871;2589.10;2606.83;2592.10;2692.175;14.9775686602;2760.6;0.38507752;0.599967421282;0.679208062951;0.0;26.0948275862;1553171113.997361
2605.00;2559.96;2019-03-21T20:21:24+00:00;eth_mxn;367.11907672;2548.88716732;2500.01;2553.51;2530.08;2659.7376;7.0014905592;2730.1;0.00374043;0.78271006;1.56337730855;0.0;58.5172413793;1553199772.1436048
2560.00;2560.00;2019-03-22T12:20:54+00:00;eth_mxn;368.44905375;2529.73378146;2536.00;2560.40;2560.00;2652.8274;14.3850072778;2726.12;0.19733607;1.06817545618;0.641149329111;-1.0;56.6610169492;1553257481.6562788
2600.00;2580.40;2019-03-23T12:20:56+00:00;eth_mxn;175.83936907;2579.69729626;2577.47;2600.00;2579.95;2657.7202;13.4991927224;2730.0;0.14965842;0.396219962143;0.391323625;1.0;46.4491525424;1553343791.7352412
2607.06;2581.04;2019-03-23T16:34:12+00:00;eth_mxn;157.73209731;2577.89103687;2577.47;2600.38;2581.04;2662.009;13.2427974526;2730.1;0.00374043;0.662841332;0.650896339333;-1.0;46.8275862069;1553358952.8933592
2607.06;2600.40;2019-03-23T18:23:24+00:00;eth_mxn;145.68522406;2577.72116862;2577.47;2600.40;2581.04;2659.8702;13.0767962276;2730.06;0.01914198;0.755365037959;0.519292238235;0.0;40.5847457627;1553365521.0001001
2605.78;2602.96;2019-03-24T12:20:56+00:00;eth_mxn;134.17796816;2581.00959704;2581.00;2604.66;2581.39;2649.8526;13.4806308846;2723.0;0.22098093;0.258313089298;0.782142433488;2.0;38.5508474576;1553430196.7135913
2605.78;2602.96;2019-03-24T12:24:17+00:00;eth_mxn;134.17796816;2581.00959704;2581.00;2603.66;2581.40;2652.158;13.3602114046;2724.0;3.0;0.258313089298;0.782142433488;1.0;37.9655172414;1553430485.0573995
2598.94;2598.32;2019-03-25T12:20:52+00:00;eth_mxn;154.64290932;2573.54539643;2573.00;2587.77;2573.00;2646.3038;12.9755614406;2710.0;0.99873578;0.657547717857;0.557161405517;-1.0;42.2796610169;1553516575.715361
2598.94;2598.32;2019-03-25T12:23:25+00:00;eth_mxn;154.64290932;2573.54539643;2573.00;2585.37;2573.00;2651.1958;12.8751650154;2723.0;0.22098093;0.657547717857;0.557161405517;0.0;42.6271186441;1553516780.0519984
2539.99;2512.04;2019-03-26T12:20:53+00:00;eth_mxn;522.19903801;2522.38820340;2512.03;2533.81;2512.00;2602.1748;12.7992199408;2681.0;10.0;0.356700481081;0.647016529683;1.0;53.5847457627;1553602996.6263568
2539.99;2512.04;2019-03-26T12:24:17+00:00;eth_mxn;522.19903801;2522.38820340;2512.03;2529.82;2512.00;2602.3418;12.940864742;2681.0;10.0;0.356700481081;0.647016529683;0.0;56.5603448276;1553603235.129981
2600.00;2589.89;2019-03-27T02:30:13+00:00;eth_mxn;390.63545813;2523.04288616;2501.02;2589.54;2575.05;2652.04;10.5705550356;2716.0;0.1;1.30800481778;0.218675103929;1.0;43.3362068966;1553654059.3976936
2608.70;2608.70;2019-03-27T12:20:57+00:00;eth_mxn;586.99752995;2545.28587611;2560.90;2608.70;2592.97;2666.875;11.1468568276;2724.0;3.0;2.10808355681;2.62388477065;1.0;25.1355932203;1553689363.110355
2608.70;2608.70;2019-03-27T12:23:13+00:00;eth_mxn;586.99752995;2545.28587611;2560.90;2608.70;2595.85;2664.3952;11.0868568276;2723.0;0.22098093;2.10808355681;2.62388477065;1.0;25.3448275862;1553689497.6024213
2630.00;2622.00;2019-03-27T15:21:24+00:00;eth_mxn;781.93095649;2563.76308514;2560.90;2622.00;2617.00;2667.0844;10.188358476;2720.0;3.75465528;2.91398152029;1.62425299833;-1.0;58.1293103448;1553700209.1932082
2619.00;2573.02;2019-03-28T12:20:57+00:00;eth_mxn;650.05436611;2591.53037333;2573.02;2608.77;2573.01;2655.643;11.8405460588;2708.05;0.23978174;1.19688269182;0.816084055588;2.0;52.6101694915;1553775764.256191
2619.00;2573.02;2019-03-28T12:23:14+00:00;eth_mxn;650.05436611;2591.53037333;2573.02;2609.99;2573.01;2653.7238;11.8625924228;2706.0;0.00373339;1.19688269182;0.816084055588;1.0;49.9051724138;1553775978.431205
2619.00;2565.39;2019-03-28T15:21:24+00:00;eth_mxn;467.90022375;2581.44568186;2565.04;2598.08;2565.47;2643.3638;12.5446185714;2696.0;0.1;0.18215201;0.667642265395;-1.0;45.6810344828;1553786589.0013306
2619.00;2561.04;2019-03-28T15:28:46+00:00;eth_mxn;469.48502995;2581.29698906;2561.04;2596.02;2561.04;2647.3344;12.6533617752;2700.0;11.57166654;0.189048802857;0.611301456962;1.0;47.8983050847;1553787036.4014606
2619.00;2578.31;2019-03-29T03:21:24+00:00;eth_mxn;572.50586716;2550.56154415;2520.02;2577.43;2534.30;2633.3092;14.082083351;2691.3;0.03905601;2.45883255556;1.76100599547;1.0;40.1724137931;1553829971.6728323
2571.00;2570.35;2019-03-29T10:21:24+00:00;eth_mxn;492.38832848;2541.29690442;2530.00;2570.35;2533.04;2627.5828;13.1862701906;2686.0;0.1;0.987647985116;1.06039101;1.0;50.224137931;1553855052.031258
2579.99;2544.03;2019-03-29T12:20:54+00:00;eth_mxn;502.89132701;2541.09680283;2530.00;2579.98;2547.29;2637.7564;12.9486775664;2696.0;0.1;1.09728715391;1.10833776815;1.0;51.7372881356;1553862209.927769
2579.99;2544.03;2019-03-29T12:23:59+00:00;eth_mxn;502.89132701;2541.09680283;2530.00;2579.99;2548.30;2639.5552;12.9550507694;2699.0;0.31865353;1.09728715391;1.10833776815;2.0;57.4322033898;1553862441.3710074
2800.00;2619.63;2019-03-29T18:23:24+00:00;eth_mxn;1331.19787994;2588.87203507;2530.00;2619.50;2589.24;2755.496;4.0179296672;2905.0;2.14049922;1.16262591919;1.1398972619;0.0;33.4396551724;1553883885.2335615
2800.00;2600.95;2019-03-29T22:34:46+00:00;eth_mxn;1315.72385464;2595.18846669;2530.00;2619.16;2600.04;2728.8826;4.0381329538;2884.6;1.06078026;0.696902945714;1.36441129985;-2.0;39.3220338983;1553899075.458778
2800.00;2645.23;2019-03-29T23:30:13+00:00;eth_mxn;1341.49720949;2595.76133083;2530.00;2647.91;2595.05;2780.3072;5.8844735832;2948.0;9.35944246;0.494323231731;1.36129447208;0.0;44.0344827586;1553902431.8155763
2676.95;2635.14;2019-03-30T12:20:53+00:00;eth_mxn;1324.97959414;2612.19602752;2595.50;2676.92;2634.08;2764.5852;6.5667526284;2895.0;0.14561624;0.976104926607;1.5923394425;0.0;31.186440678;1553948653.6362274
2676.95;2594.04;2019-03-30T15:21:24+00:00;eth_mxn;1303.27081448;2614.61458968;2594.03;2674.43;2594.04;2743.327;7.0638475338;2857.13;0.89550182;0.743624303279;0.979534488718;0.0;42.6551724138;1553959455.7927852
2639.24;2638.87;2019-03-31T12:20:52+00:00;eth_mxn;396.61152358;2620.76435498;2600.09;2634.68;2604.81;2713.075;3.48244877;2810.0;0.00383953;4.45610810917;0.868776054423;0.0;40.1440677966;1554034998.4702766
2639.24;2638.87;2019-03-31T12:24:19+00:00;eth_mxn;396.61152358;2620.76435498;2600.09;2637.97;2606.10;2713.1614;3.48244877;2810.0;0.00383953;4.45610810917;0.868776054423;0.0;39.4655172414;1554035255.8488293
2639.24;2606.62;2019-03-31T15:21:24+00:00;eth_mxn;372.25720070;2621.02377734;2600.09;2639.10;2607.99;2714.3926;3.7139412518;2810.0;0.00383953;4.40425044265;0.864119492157;0.0;47.8879310345;1554045860.2155192
2639.24;2619.00;2019-03-31T22:26:28+00:00;eth_mxn;337.70895183;2615.12045230;2600.09;2627.75;2603.39;2694.1458;4.44004961;2789.99;0.45;0.63584736;0.700119913714;0.0;49.3220338983;1554071417.35548
2659.72;2600.09;2019-04-01T12:20:50+00:00;eth_mxn;152.71677397;2601.13647244;2600.09;2644.51;2600.08;2716.5606;5.3406965978;2820.0;3.01757509;0.431116704865;0.465041786984;2.0;48.2627118644;1554121411.9165177
2659.72;2600.09;2019-04-01T12:24:01+00:00;eth_mxn;152.71677397;2601.13647244;2600.09;2643.04;2600.08;2723.2632;5.5283694566;2825.0;11.31503288;0.431116704865;0.465041786984;3.0;48.6637931034;1554121565.9961228
2839.99;2723.15;2019-04-02T12:20:54+00:00;eth_mxn;1311.15493244;2700.73345342;2700.39;2800.00;2724.19;2932.2112;19.4747536656;3051.0;1.22033704;2.7602156175;0.6328317375;2.0;52.7288135593;1554207787.7241342
2899.00;2892.99;2019-04-02T13:28:36+00:00;eth_mxn;1378.91804127;2705.13348603;2700.39;2892.98;2800.82;2974.0212;23.8866695422;3089.95;2.26804124;0.493098446087;1.11579098774;0.0;48.5508474576;1554211848.7749343
2948.00;2931.99;2019-04-02T18:32:37+00:00;eth_mxn;1808.32437371;2761.81555998;2700.39;2932.00;2916.30;2977.1814;17.903258742;3049.0;0.13569115;1.41849453507;0.825047931852;0.0;47.0254237288;1554230054.3527179
3100.00;3100.00;2019-04-03T12:20:51+00:00;eth_mxn;2498.13080322;3005.28546556;3005.10;3099.99;3015.98;3257.7706;23.059515122;3399.0;4.46;0.484490565;0.710394434286;-1.0;48.8050847458;1554294148.043681
3100.00;3100.00;2019-04-03T12:22:57+00:00;eth_mxn;2497.26443014;3005.36717493;3005.10;3099.98;3039.47;3263.771;22.8513876264;3400.0;5.07446022;0.484490565;0.710394434286;3.0;48.6186440678;1554294280.7625852
3100.00;3099.98;2019-04-03T13:30:36+00:00;eth_mxn;2542.36984817;3013.84426798;3005.10;3099.98;3065.22;3248.0846;21.9198698484;3380.09;0.0316909;1.09689226517;1.61615118786;2.0;47.2542372881;1554298366.2796547
3129.89;3062.32;2019-04-04T12:20:52+00:00;eth_mxn;2544.97136210;3119.28331792;3050.26;3122.81;3062.64;3292.4666;17.0487191158;3434.0;0.00489297;0.716416333148;0.384970359783;2.0;51.906779661;1554380612.5342097
3129.89;3062.32;2019-04-04T12:24:02+00:00;eth_mxn;2544.97136210;3119.28331792;3050.26;3077.50;3062.07;3291.6578;15.940226117;3434.0;0.00489297;0.716416333148;0.384970359783;0.0;49.4310344828;1554380794.465701
3107.00;3104.00;2019-04-05T12:20:54+00:00;eth_mxn;1098.57463551;2989.38378679;3050.01;3103.99;3073.88;3242.8424;15.9266509046;3390.0;1.0;0.87851817;1.49434158375;4.0;44.1440677966;1554467011.2844963
3107.00;3104.00;2019-04-05T12:24:01+00:00;eth_mxn;1098.57463551;2989.38378679;3050.01;3103.98;3073.82;3237.122;15.9128533034;3388.88;0.00995;0.87851817;1.49434158375;2.0;44.5172413793;1554467224.3964872
3107.00;3077.95;2019-04-05T12:39:53+00:00;eth_mxn;1096.94121378;2989.25341954;3050.01;3103.98;3077.20;3248.443;15.3475381286;3395.0;1.08597208;0.895769666491;1.39885486163;1.0;43.1949152542;1554468148.393285
3150.00;3103.84;2019-04-05T17:34:14+00:00;eth_mxn;993.60941231;2996.49756529;3050.01;3116.00;3086.58;3257.543;14.1910438292;3390.0;1.0;0.823317032373;0.706270497073;-2.0;32.0689655172;1554485814.9811814
3150.00;3100.03;2019-04-05T18:32:37+00:00;eth_mxn;972.40450663;3007.11773309;3050.01;3133.15;3100.04;3255.9908;14.7930982626;3388.88;0.00995;0.588063053521;0.79633385931;4.0;46.5593220339;1554489322.212597
3140.49;3116.60;2019-04-06T08:30:36+00:00;eth_mxn;639.28320372;3095.33007071;3083.01;3118.77;3083.06;3253.4572;12.97001879;3390.66;0.0313994;1.01464777118;1.48232622959;0.0;42.3389830508;1554539613.324817
3140.49;3056.39;2019-04-06T11:21:54+00:00;eth_mxn;648.54155780;3094.68234844;3050.00;3120.87;3064.24;3271.1054;12.3553486886;3399.22;0.07766991;1.04682098711;1.47732563091;3.0;39.1016949153;1554549886.8330724
3140.49;3138.51;2019-04-06T12:20:50+00:00;eth_mxn;655.58395132;3094.12787002;3050.00;3137.18;3056.30;3260.6394;5.8957138826;3395.0;0.01;1.45063984591;1.46017033518;4.0;49.1610169492;1554553383.6490645
3214.00;3165.56;2019-04-07T12:20:52+00:00;eth_mxn;531.18829492;3160.52808247;3155.50;3205.43;3200.00;3294.9214;15.2659123268;3399.22;0.07766991;0.204066964762;0.530485588919;4.0;41.2203389831;1554639831.725749
3499.98;3428.37;2019-04-08T01:34:13+00:00;eth_mxn;739.77738385;3311.25526395;3150.01;3460.00;3437.71;3625.958;12.8255143756;3844.92;0.00260084;0.635843060952;2.58153518517;0.0;29.8793103448;1554687437.2657068
3499.97;3389.69;2019-04-08T12:20:58+00:00;eth_mxn;1396.99919900;3370.22337767;3300.01;3383.62;3312.72;3599.3382;14.7397175488;3799.0;1.0;0.653595351935;5.26172351899;1.0;50.313559322;1554726167.302993
3499.97;3382.07;2019-04-08T12:23:17+00:00;eth_mxn;1397.73839127;3370.22213060;3300.01;3381.97;3320.17;3607.101;14.1420789686;3800.0;18.32540663;0.656270255625;5.31730057706;-1.0;50.025862069;1554726351.62173
3394.98;3393.48;2019-04-09T12:20:51+00:00;eth_mxn;786.80320128;3371.11580105;3320.00;3393.65;3356.91;3505.0408;15.511266626;3637.0;0.00548499;1.81110193767;0.758498969143;5.0;50.0;1554812644.5770288
3394.98;3325.33;2019-04-09T18:34:49+00:00;eth_mxn;386.98239677;3355.24036152;3320.00;3356.43;3325.54;3459.0516;15.0536916878;3563.0;0.0109016;0.648759760208;0.422488790577;0.0;47.5338983051;1554835039.8807623
3444.98;3431.08;2019-04-10T04:26:36+00:00;eth_mxn;485.02598219;3334.45953499;3303.44;3427.09;3369.04;3503.5414;14.4022584414;3615.0;0.04150208;1.04867866567;0.432133815455;-1.0;46.6610169492;1554870580.5504246
3450.00;3372.09;2019-04-10T12:20:56+00:00;eth_mxn;519.18085736;3356.15785365;3370.07;3425.07;3374.21;3519.742;14.1444635174;3640.0;0.05;1.516894916;0.865883364857;2.0;53.8813559322;1554898967.5239534
3452.00;3451.89;2019-04-10T19:32:36+00:00;eth_mxn;680.49095332;3379.38154835;3370.07;3450.47;3425.00;3521.6428;12.5131371694;3636.0;0.00283862;1.59685365561;1.65829472512;0.0;52.593220339;1554924886.8325431
3452.00;3292.74;2019-04-11T01:34:14+00:00;eth_mxn;961.84203750;3349.73041651;3200.61;3333.23;3289.79;3416.5226;14.4603814952;3481.0;0.00887574;1.41218277;1.63857329103;0.0;42.8448275862;1554946616.931971
3274.77;3055.30;2019-04-11T12:20:54+00:00;eth_mxn;1203.74999401;3269.05612814;3050.00;3094.09;3055.00;3323.9064;15.4200256212;3432.0;0.05;0.996892258378;1.13125951016;2.0;45.3305084746;1554985408.4737954
3274.77;3055.30;2019-04-11T12:23:58+00:00;eth_mxn;1203.74999401;3269.05612814;3050.00;3100.64;3055.03;3334.7464;15.359114707;3436.0;0.00794379;0.996892258378;1.13125951016;0.0;45.2118644068;1554985600.8081012
3274.77;3079.30;2019-04-11T22:34:13+00:00;eth_mxn;876.93154120;3156.79181435;3050.00;3109.66;3085.84;3271.3384;15.705818824;3400.0;3.13600352;0.650142396216;0.974611039841;0.0;48.4827586207;1555022211.9154136
3142.70;3085.01;2019-04-12T12:20:51+00:00;eth_mxn;589.42079424;3060.97053323;3027.77;3139.55;3085.01;3248.0482;18.4465222606;3369.0;0.4556275;0.650292700536;0.594397304318;0.0;31.1949152542;1555071786.2184734
3120.00;3100.67;2019-04-13T05:28:37+00:00;eth_mxn;523.80001105;3095.93404338;3100.67;3140.09;3100.70;3249.3354;16.948886746;3371.0;0.02749771;1.06120543493;0.311702141111;0.0;37.4661016949;1555133428.9079945
3146.88;3146.77;2019-04-13T12:20:49+00:00;eth_mxn;511.46972272;3096.60610487;3090.00;3145.54;3090.14;3253.3464;15.7021473524;3373.01;0.01004032;1.39399929;0.3853841375;2.0;43.2203389831;1555158207.3188334
3146.88;3146.77;2019-04-13T12:23:57+00:00;eth_mxn;511.46972272;3096.60610487;3090.00;3143.69;3090.09;3244.5106;16.7906559918;3370.0;8.11528031;1.39399929;0.3853841375;2.0;43.3983050847;1555158436.9851198
3146.88;3082.98;2019-04-14T01:30:05+00:00;eth_mxn;221.11507358;3103.36460609;3065.01;3110.00;3084.60;3206.5446;15.4995948286;3331.0;0.6;0.434283199123;0.304708516279;2.0;45.4655172414;1555205692.1297207
3119.73;3111.83;2019-04-14T12:20:52+00:00;eth_mxn;238.45687462;3083.35386844;3066.57;3097.51;3071.12;3195.932;15.8131006118;3321.0;8.71365479;0.925382080426;0.790794767925;1.0;37.8559322034;1555244529.018225
3119.73;3111.83;2019-04-14T12:23:09+00:00;eth_mxn;238.45687462;3083.35386844;3066.57;3106.70;3071.26;3187.855;15.9691386072;3300.0;1.12278493;0.925382080426;0.790794767925;2.0;38.525862069;1555244718.2864816
3162.00;3162.00;2019-04-14T23:30:46+00:00;eth_mxn;236.84660472;3090.60707531;3066.57;3162.00;3140.01;3262.033;16.2477409812;3370.0;8.11528031;0.326773607683;0.464568744444;2.0;37.6583333333;1555284831.9071765
3199.98;3190.20;2019-04-15T06:32:37+00:00;eth_mxn;219.94253716;3127.23680381;3162.01;3190.20;3170.04;3274.589;15.3470184516;3371.0;0.02749771;0.526238750164;0.532919773333;2.0;45.325;1555310108.3721848
3199.99;3105.93;2019-04-15T12:20:56+00:00;eth_mxn;223.19786953;3127.77175638;3101.88;3140.24;3105.02;3257.4228;15.1343959642;3370.0;0.00603031;0.298495304375;0.203346563077;1.0;51.8083333333;1555330958.9105036
3199.99;3105.93;2019-04-15T12:23:08+00:00;eth_mxn;223.19786953;3127.77175638;3101.88;3138.53;3105.09;3270.7738;8.0637906306;3382.32;0.0303001;0.298495304375;0.203346563077;2.0;51.6440677966;1555331166.333306
3095.25;3052.83;2019-04-16T08:34:14+00:00;eth_mxn;576.20741592;3046.64755837;3037.96;3097.00;3052.02;3168.5272;17.925704764;3250.0;6.46672066;0.334967434138;1.04463072643;1.0;46.724137931;1555403851.8122258
3096.85;3052.01;2019-04-16T12:20:53+00:00;eth_mxn;617.51478555;3047.44149013;3037.96;3091.79;3052.04;3167.4696;16.8888358178;3250.0;6.46672066;0.3344874116;1.1147141202;3.0;45.5593220339;1555417375.1880553
3096.85;3052.01;2019-04-16T12:23:24+00:00;eth_mxn;617.51478555;3047.44149013;3037.96;3090.70;3052.05;3167.9884;16.7375451792;3250.0;6.46672066;0.3344874116;1.1147141202;3.0;45.1120689655;1555417534.5874915
3145.00;3139.82;2019-04-17T12:20:52+00:00;eth_mxn;393.02453459;3099.39653041;3100.07;3139.98;3110.04;3218.9844;14.6018827422;3308.58;0.00906734;0.329354390167;0.4405880345;0.0;48.9916666667;1555503722.5794513
3145.00;3139.82;2019-04-17T12:23:03+00:00;eth_mxn;393.02453459;3099.39653041;3100.07;3139.97;3110.04;3215.4124;14.6048713954;3300.0;6.22646537;0.329354390167;0.4405880345;0.0;49.5593220339;1555503861.8663611
3258.13;3238.18;2019-04-18T12:20:50+00:00;eth_mxn;627.09799140;3144.90981496;3222.00;3239.98;3222.00;3310.9576;15.0768035678;3382.32;0.0303001;0.43825310814;0.356441878596;0.0;44.05;1555590111.86836
3258.13;3238.18;2019-04-18T12:22:21+00:00;eth_mxn;627.09799140;3144.90981496;3222.00;3239.98;3222.00;3310.9576;15.0768035678;3382.32;0.0303001;0.43825310814;0.356441878596;8.0;43.7327586207;1555590227.762023
3300.00;3262.04;2019-04-18T21:29:05+00:00;eth_mxn;624.65288407;3196.19397826;3222.00;3299.96;3267.98;3355.692;15.1348078324;3416.0;0.03005711;0.388950646731;0.320267772292;2.0;44.5689655172;1555623009.4150639
3300.00;3211.94;2019-04-19T03:34:21+00:00;eth_mxn;403.54795102;3238.70550935;3211.94;3234.98;3211.94;3325.4566;14.9951901726;3388.0;0.1635;0.653994938;1.92755211533;3.0;47.9396551724;1555644978.2082837
3249.03;3236.26;2019-04-19T12:21:00+00:00;eth_mxn;387.15668405;3236.59023816;3206.03;3248.86;3238.20;3322.5218;14.7133458344;3387.0;1.7529469;0.605589189643;1.70729068083;0.0;44.1810344828;1555676581.6173944
3299.96;3292.66;2019-04-20T12:20:54+00:00;eth_mxn;346.58376973;3218.82989719;3235.00;3288.62;3245.45;3344.7892;15.2135468314;3399.85;9.6;0.673304615556;0.948388847297;1.0;40.7333333333;1555762980.332688
3299.96;3292.66;2019-04-20T12:23:30+00:00;eth_mxn;346.58130732;3218.82979924;3235.00;3288.55;3246.53;3345.0104;15.208657528;3399.85;9.6;0.673304615556;0.948388847297;0.0;36.2288135593;1555763108.0295453
3299.96;3224.52;2019-04-21T04:21:55+00:00;eth_mxn;173.46862407;3247.94871314;3200.00;3265.10;3224.69;3326.3146;15.1729625698;3387.0;1.7529469;0.256918921429;0.207653662414;-1.0;27.425;1555820674.2070997
3279.99;3188.65;2019-04-21T12:20:55+00:00;eth_mxn;248.79515163;3233.96012403;3180.00;3187.02;3175.98;3319.3328;14.5110790018;3390.0;3.56903302;1.82185018353;1.14365013879;-2.0;48.2118644068;1555849359.8228498
3279.99;3188.65;2019-04-21T12:23:09+00:00;eth_mxn;248.79515163;3233.96012403;3180.00;3187.02;3175.98;3319.3272;14.4399268018;3390.0;3.56903302;1.82185018353;1.14365013879;4.0;51.0431034483;1555849549.654975
3222.81;3197.11;2019-04-22T12:20:55+00:00;eth_mxn;194.09035609;3161.24916599;3163.00;3220.00;3204.73;3292.5642;13.400307756;3355.0;0.03005711;0.802653560179;0.456165488182;-1.0;48.7916666667;1555935812.821716
3222.81;3197.11;2019-04-22T12:24:02+00:00;eth_mxn;194.09035609;3161.24916599;3163.00;3220.00;3204.73;3292.9922;13.444957222;3355.0;0.03005711;0.802653560179;0.456370137727;0.0;45.0517241379;1555935975.162466
3222.81;3220.00;2019-04-22T14:30:37+00:00;eth_mxn;197.18617421;3162.58133140;3163.00;3220.00;3198.35;3295.1762;13.4778971472;3358.0;0.02418755;0.746113026607;0.432127828409;0.0;50.7583333333;1555943522.221295
3308.27;3308.27;2019-04-23T12:20:57+00:00;eth_mxn;381.92024091;3240.24752967;3221.05;3308.20;3265.01;3363.3082;11.6647819222;3425.0;6.24525807;0.575455759403;3.35441998879;2.0;48.5762711864;1556022177.7195628
3308.27;3308.27;2019-04-23T12:23:58+00:00;eth_mxn;381.92024091;3240.24752967;3221.05;3306.13;3261.85;3356.044;11.5851686556;3410.88;0.02555771;0.575455759403;3.35441998879;0.0;48.8416666667;1556022321.633708
3279.90;3239.89;2019-04-24T07:30:13+00:00;eth_mxn;750.62269734;3266.24404062;3199.35;3239.55;3220.00;3337.8236;10.6015660718;3404.0;0.00916591;1.59213085885;0.632895504359;1.0;51.5254237288;1556091106.953109
3279.90;3165.57;2019-04-24T10:21:54+00:00;eth_mxn;903.75302253;3241.66951560;3101.00;3198.06;3109.30;3333.5628;12.451336877;3404.0;0.00916591;1.98527026625;1.43968201618;1.0;33.1525423729;1556101434.3292296
3279.90;3183.45;2019-04-24T12:20:57+00:00;eth_mxn;775.01385616;3231.62843141;3101.00;3180.51;3110.31;3310.9794;12.1219008344;3395.0;0.05;1.70102039094;1.57656513809;0.0;35.6271186441;1556108497.8586872
3279.90;3183.45;2019-04-24T12:22:07+00:00;eth_mxn;775.01385616;3231.62843141;3101.00;3179.47;3110.45;3328.3532;11.8093724118;3399.9;0.3304561;1.70102039094;1.57656513809;0.0;35.5508474576;1556108568.4730024
3279.90;3183.45;2019-04-24T12:23:18+00:00;eth_mxn;775.01385616;3231.62843141;3101.00;3178.38;3110.59;3315.0162;12.0318563292;3397.0;0.00275567;1.70102039094;1.57656513809;-1.0;33.9237288136;1556108668.358679
3279.90;3145.28;2019-04-24T14:26:37+00:00;eth_mxn;776.09687494;3223.64529965;3101.00;3151.60;3120.04;3301.9582;13.034216649;3390.0;0.09586972;1.36784379068;1.71109581179;2.0;43.9322033898;1556116104.7204618
3279.90;3148.97;2019-04-24T15:34:14+00:00;eth_mxn;711.09946929;3209.35965572;3101.00;3145.32;3121.66;3296.578;12.7801831136;3375.0;0.04;0.775450578043;1.20223698778;1.0;49.4322033898;1556120122.6941824
3148.95;3118.34;2019-04-25T12:20:54+00:00;eth_mxn;441.48427376;3108.71700310;3107.00;3145.00;3119.76;3263.4374;14.0691477196;3352.0;7.33710383;0.409818081837;0.420986784706;-1.0;37.0084745763;1556195006.8413477
3148.95;3118.34;2019-04-25T12:23:56+00:00;eth_mxn;441.48427376;3108.71700310;3107.00;3144.95;3112.24;3246.9174;14.0392626324;3345.93;0.01554687;0.409818081837;0.420986784706;4.0;37.406779661;1556195221.140511
3165.00;3164.93;2019-04-25T16:34:14+00:00;eth_mxn;358.22981996;3106.12238134;3107.00;3165.00;3141.00;3262.4498;14.172411718;3350.0;2.48216716;0.296911499286;0.347270885;4.0;47.7711864407;1556210171.004864
2956.00;2902.00;2019-04-26T12:20:54+00:00;eth_mxn;958.60322588;2996.05658727;2902.00;2902.00;2901.00;3125.7124;12.190336736;3271.0;0.00639667;0.335656717761;0.432929045455;-1.0;24.1440677966;1556281410.8472517
2937.00;2936.95;2019-04-27T07:26:38+00:00;eth_mxn;387.43275181;2906.56052294;2902.18;2936.04;2908.62;3096.9962;13.4515148208;3250.0;26.60078442;1.60776219786;0.745677472;1.0;24.7966101695;1556350109.0966034
2964.99;2908.33;2019-04-27T12:20:53+00:00;eth_mxn;392.37929930;2907.07528932;2902.18;2945.72;2910.00;3096.2446;13.5493956776;3250.0;26.60078442;1.54645125082;0.986038605926;-1.0;41.2118644068;1556367707.3438592
2964.99;2943.55;2019-04-27T12:23:19+00:00;eth_mxn;399.15377230;2907.64438314;2902.18;2943.33;2910.00;3108.3788;13.529593921;3252.0;0.34075343;1.63101018671;0.986038605926;0.0;41.5;1556367865.5515568
2998.27;2955.48;2019-04-28T12:20:58+00:00;eth_mxn;300.66185497;2988.84697087;2954.01;2994.68;2955.15;3116.5328;14.590610413;3250.99;0.00288862;0.248455408966;0.638405246056;1.0;45.3583333333;1556454276.7306948
2998.27;2929.99;2019-04-28T19:34:39+00:00;eth_mxn;217.93648468;2977.67784326;2915.16;2950.00;2929.99;3103.8092;12.837849371;3244.0;0.0031751;0.642749584722;0.542429735156;1.0;49.9152542373;1556480241.3975248
2965.65;2901.10;2019-04-29T12:21:10+00:00;eth_mxn;201.46467616;2920.90278802;2900.00;2901.10;2900.00;3065.9992;13.9507840214;3212.33;0.52908368;0.408169181875;0.690902854412;4.0;46.8474576271;1556540551.5499325
2965.65;2900.00;2019-04-29T12:23:01+00:00;eth_mxn;207.65698854;2920.16704774;2900.00;2901.10;2895.01;3065.9924;6.2109840414;3212.33;0.52908368;0.366679956774;0.524940548261;-1.0;47.2372881356;1556540732.663921
2971.00;2971.00;2019-04-30T12:20:57+00:00;eth_mxn;320.45142412;2879.32490495;2925.05;2971.00;2951.33;3093.2114;15.5854391718;3224.0;0.05;0.436772930921;0.393740232917;0.0;47.4745762712;1556626911.9349546
2971.00;2971.00;2019-04-30T12:22:22+00:00;eth_mxn;315.34510864;2879.05116439;2925.05;2971.00;2952.18;3098.1648;15.4230430258;3231.65;0.1701917;0.436772930921;0.393740232917;2.0;47.813559322;1556627000.3310616
3030.00;2949.92;2019-04-30T20:21:54+00:00;eth_mxn;358.51598568;2950.50575487;2904.50;2970.00;2950.19;3128.7694;16.3916610846;3250.0;1.85450938;1.37345329073;2.0598623861;1.0;45.406779661;1556655819.6985009
3064.98;3055.74;2019-05-01T12:20:58+00:00;eth_mxn;643.64456947;3006.10556417;3020.66;3050.56;3021.51;3185.2366;13.6564142736;3289.11;0.01284749;0.815813838333;0.412896546731;3.0;47.7711864407;1556713350.04348
3064.98;3055.74;2019-05-01T12:22:59+00:00;eth_mxn;643.64456947;3006.10556417;3020.66;3049.23;3021.50;3180.6748;14.7460573238;3287.0;0.01880289;0.815813838333;0.412896546731;-1.0;41.8305084746;1556713459.028007
3064.98;2965.01;2019-05-01T21:33:23+00:00;eth_mxn;521.27723121;3021.75157923;2965.01;3000.00;2973.56;3163.7072;14.8412476948;3273.0;0.21600978;0.403345357647;1.4459699151;3.0;45.2288135593;1556746592.3232205
3074.81;3010.00;2019-05-02T12:21:00+00:00;eth_mxn;318.51515514;2985.23745365;3001.03;3042.57;3010.04;3149.2482;16.6282390172;3270.15;0.01024249;0.282417446471;2.50841194694;0.0;41.5169491525;1556799766.3464983
3074.81;3010.00;2019-05-02T12:23:16+00:00;eth_mxn;318.51515514;2985.23745365;3001.03;3041.03;3010.04;3172.4004;8.8048404262;3279.9;1.0;0.282417446471;2.50841194694;2.0;41.8050847458;1556799896.9055176
